[ 0.000000e+00  1.764000e-05  7.056000e-05  1.587600e-04  2.822400e-04
  4.410000e-04  6.350400e-04  8.643600e-04  1.128960e-03  1.428840e-03
  1.764000e-03  2.134440e-03  2.540160e-03  2.981160e-03  3.457440e-03
  3.969000e-03  4.515840e-03  5.097960e-03  5.715360e-03  6.368040e-03
  7.056000e-03  7.779240e-03  8.537760e-03  9.331560e-03  1.016064e-02
  1.102500e-02  1.192464e-02  1.285956e-02  1.382976e-02  1.483524e-02
  1.587600e-02  1.695204e-02  1.806336e-02  1.920996e-02  2.039184e-02
  2.160900e-02  2.286144e-02  2.414916e-02  2.547216e-02  2.683044e-02
  2.822400e-02  2.965284e-02  3.111696e-02  3.261636e-02  3.415104e-02
  3.572100e-02  3.732624e-02  3.896676e-02  4.064000e-02  4.232000e-02
  4.400000e-02  4.568000e-02  4.736000e-02  4.904000e-02  5.072000e-02
  5.240000e-02  5.408000e-02  5.576000e-02  5.744000e-02  5.912000e-02
  6.079600e-02  6.244156e-02  6.405184e-02  6.562684e-02  6.716656e-02
  6.867100e-02  7.014016e-02  7.157404e-02  7.297264e-02  7.433596e-02
  7.566400e-02  7.695676e-02  7.821424e-02  7.943644e-02  8.062336e-02
  8.177500e-02  8.289136e-02  8.397244e-02  8.501824e-02  8.602876e-02
  8.700400e-02  8.794396e-02  8.884864e-02  8.971804e-02  9.055216e-02
  9.135100e-02  9.211456e-02  9.284284e-02  9.353584e-02  9.419356e-02
  9.481600e-02  9.540316e-02  9.595504e-02  9.647164e-02  9.695296e-02
  9.739900e-02  9.780976e-02  9.818524e-02  9.852544e-02  9.883036e-02
  9.910000e-02  9.933436e-02  9.953344e-02  9.969724e-02  9.982576e-02
  9.991900e-02  9.997696e-02  9.999964e-02  1.000000e-01  1.000000e-01
  1.000000e-01  1.000000e-01  1.000000e-01  1.000000e-01  1.000000e-01
  1.000000e-01  1.000000e-01  1.000000e-01  1.000000e-01  1.000000e-01
  1.000000e-01  1.000000e-01  1.000000e-01  1.000000e-01  1.000000e-01
  1.000000e-01  1.000000e-01  1.000000e-01  1.000000e-01  1.000000e-01
  1.000000e-01  1.000000e-01  1.000000e-01  1.000000e-01  1.000000e-01
  1.000000e-01  1.000000e-01  1.000000e-01  1.000000e-01  1.000000e-01
  1.000000e-01  1.000000e-01  1.000000e-01  1.000000e-01  1.000000e-01
  1.000000e-01  1.000000e-01  1.000000e-01  1.000000e-01  1.000000e-01
  1.000000e-01  1.000000e-01  1.000000e-01  1.000000e-01  1.000000e-01
  1.000000e-01  1.000000e-01  1.000000e-01  1.000000e-01  1.000000e-01
  1.000000e-01  1.000000e-01  1.000000e-01  1.000000e-01  1.000000e-01
  1.000000e-01  1.000000e-01  1.000000e-01  1.000000e-01  1.000000e-01
  1.000000e-01  1.000000e-01  1.000000e-01  1.000000e-01  1.000000e-01
  1.000000e-01  1.000000e-01  1.000000e-01  1.000000e-01  1.000000e-01
  9.998236e-02  9.992944e-02  9.984124e-02  9.971776e-02  9.955900e-02
  9.936496e-02  9.913564e-02  9.887104e-02  9.857116e-02  9.823600e-02
  9.786556e-02  9.745984e-02  9.701884e-02  9.654256e-02  9.603100e-02
  9.548416e-02  9.490204e-02  9.428464e-02  9.363196e-02  9.294400e-02
  9.222076e-02  9.146224e-02  9.066844e-02  8.983936e-02  8.897500e-02
  8.807536e-02  8.714044e-02  8.617024e-02  8.516476e-02  8.412400e-02
  8.304796e-02  8.193664e-02  8.079004e-02  7.960816e-02  7.839100e-02
  7.713856e-02  7.585084e-02  7.452784e-02  7.316956e-02  7.177600e-02
  7.034716e-02  6.888304e-02  6.738364e-02  6.584896e-02  6.427900e-02
  6.267376e-02  6.103324e-02  5.936000e-02  5.768000e-02  5.600000e-02
  5.432000e-02  5.264000e-02  5.096000e-02  4.928000e-02  4.760000e-02
  4.592000e-02  4.424000e-02  4.256000e-02  4.088000e-02  3.920400e-02
  3.755844e-02  3.594816e-02  3.437316e-02  3.283344e-02  3.132900e-02
  2.985984e-02  2.842596e-02  2.702736e-02  2.566404e-02  2.433600e-02
  2.304324e-02  2.178576e-02  2.056356e-02  1.937664e-02  1.822500e-02
  1.710864e-02  1.602756e-02  1.498176e-02  1.397124e-02  1.299600e-02
  1.205604e-02  1.115136e-02  1.028196e-02  9.447840e-03  8.649000e-03
  7.885440e-03  7.157160e-03  6.464160e-03  5.806440e-03  5.184000e-03
  4.596840e-03  4.044960e-03  3.528360e-03  3.047040e-03  2.601000e-03
  2.190240e-03  1.814760e-03  1.474560e-03  1.169640e-03  9.000000e-04
  6.656400e-04  4.665600e-04  3.027600e-04  1.742400e-04  8.100000e-05
  2.304000e-05  3.600000e-07  0.000000e+00  0.000000e+00  0.000000e+00
  0.000000e+00  0.000000e+00  0.000000e+00  0.000000e+00  0.000000e+00
  0.000000e+00  0.000000e+00  0.000000e+00  0.000000e+00  0.000000e+00
  0.000000e+00  0.000000e+00  0.000000e+00  0.000000e+00  0.000000e+00
  0.000000e+00  0.000000e+00  0.000000e+00  0.000000e+00  0.000000e+00
  0.000000e+00  0.000000e+00  0.000000e+00  0.000000e+00  0.000000e+00
  0.000000e+00  0.000000e+00  0.000000e+00  0.000000e+00  0.000000e+00
  0.000000e+00  0.000000e+00  0.000000e+00  0.000000e+00  0.000000e+00
  0.000000e+00  0.000000e+00  0.000000e+00  0.000000e+00  0.000000e+00
  0.000000e+00  0.000000e+00  0.000000e+00  0.000000e+00  0.000000e+00
  0.000000e+00  0.000000e+00  0.000000e+00  0.000000e+00  0.000000e+00
  0.000000e+00  0.000000e+00  0.000000e+00  0.000000e+00  0.000000e+00
  0.000000e+00  0.000000e+00  0.000000e+00  0.000000e+00  0.000000e+00
  0.000000e+00  0.000000e+00  0.000000e+00  0.000000e+00  0.000000e+00
  0.000000e+00  0.000000e+00  0.000000e+00  0.000000e+00 -1.764000e-05
 -7.056000e-05 -1.587600e-04 -2.822400e-04 -4.410000e-04 -6.350400e-04
 -8.643600e-04 -1.128960e-03 -1.428840e-03 -1.764000e-03 -2.134440e-03
 -2.540160e-03 -2.981160e-03 -3.457440e-03 -3.969000e-03 -4.515840e-03
 -5.097960e-03 -5.715360e-03 -6.368040e-03 -7.056000e-03 -7.779240e-03
 -8.537760e-03 -9.331560e-03 -1.016064e-02 -1.102500e-02 -1.192464e-02
 -1.285956e-02 -1.382976e-02 -1.483524e-02 -1.587600e-02 -1.695204e-02
 -1.806336e-02 -1.920996e-02 -2.039184e-02 -2.160900e-02 -2.286144e-02
 -2.414916e-02 -2.547216e-02 -2.683044e-02 -2.822400e-02 -2.965284e-02
 -3.111696e-02 -3.261636e-02 -3.415104e-02 -3.572100e-02 -3.732624e-02
 -3.896676e-02 -4.064000e-02 -4.232000e-02 -4.400000e-02 -4.568000e-02
 -4.736000e-02 -4.904000e-02 -5.072000e-02 -5.240000e-02 -5.408000e-02
 -5.576000e-02 -5.744000e-02 -5.912000e-02 -6.079600e-02 -6.244156e-02
 -6.405184e-02 -6.562684e-02 -6.716656e-02 -6.867100e-02 -7.014016e-02
 -7.157404e-02 -7.297264e-02 -7.433596e-02 -7.566400e-02 -7.695676e-02
 -7.821424e-02 -7.943644e-02 -8.062336e-02 -8.177500e-02 -8.289136e-02
 -8.397244e-02 -8.501824e-02 -8.602876e-02 -8.700400e-02 -8.794396e-02
 -8.884864e-02 -8.971804e-02 -9.055216e-02 -9.135100e-02 -9.211456e-02
 -9.284284e-02 -9.353584e-02 -9.419356e-02 -9.481600e-02 -9.540316e-02
 -9.595504e-02 -9.647164e-02 -9.695296e-02 -9.739900e-02 -9.780976e-02
 -9.818524e-02 -9.852544e-02 -9.883036e-02 -9.910000e-02 -9.933436e-02
 -9.953344e-02 -9.969724e-02 -9.982576e-02 -9.991900e-02 -9.997696e-02
 -9.999964e-02 -1.000000e-01 -1.000000e-01 -1.000000e-01 -1.000000e-01
 -1.000000e-01 -1.000000e-01 -1.000000e-01 -1.000000e-01 -1.000000e-01
 -1.000000e-01 -1.000000e-01 -1.000000e-01 -1.000000e-01 -1.000000e-01
 -1.000000e-01 -1.000000e-01 -1.000000e-01 -1.000000e-01 -1.000000e-01
 -1.000000e-01 -1.000000e-01 -1.000000e-01 -1.000000e-01 -1.000000e-01
 -1.000000e-01 -1.000000e-01 -1.000000e-01 -1.000000e-01 -1.000000e-01
 -1.000000e-01 -1.000000e-01 -1.000000e-01 -1.000000e-01 -1.000000e-01
 -1.000000e-01 -1.000000e-01 -1.000000e-01 -1.000000e-01 -1.000000e-01
 -1.000000e-01 -1.000000e-01 -1.000000e-01 -1.000000e-01 -1.000000e-01
 -1.000000e-01 -1.000000e-01 -1.000000e-01 -1.000000e-01 -1.000000e-01
 -1.000000e-01 -1.000000e-01 -1.000000e-01 -1.000000e-01 -1.000000e-01
 -1.000000e-01 -1.000000e-01 -1.000000e-01 -1.000000e-01 -1.000000e-01
 -1.000000e-01 -1.000000e-01 -1.000000e-01 -1.000000e-01 -1.000000e-01
 -1.000000e-01 -1.000000e-01 -1.000000e-01 -1.000000e-01 -1.000000e-01
 -1.000000e-01 -1.000000e-01 -1.000000e-01 -9.998236e-02 -9.992944e-02
 -9.984124e-02 -9.971776e-02 -9.955900e-02 -9.936496e-02 -9.913564e-02
 -9.887104e-02 -9.857116e-02 -9.823600e-02 -9.786556e-02 -9.745984e-02
 -9.701884e-02 -9.654256e-02 -9.603100e-02 -9.548416e-02 -9.490204e-02
 -9.428464e-02 -9.363196e-02 -9.294400e-02 -9.222076e-02 -9.146224e-02
 -9.066844e-02 -8.983936e-02 -8.897500e-02 -8.807536e-02 -8.714044e-02
 -8.617024e-02 -8.516476e-02 -8.412400e-02 -8.304796e-02 -8.193664e-02
 -8.079004e-02 -7.960816e-02 -7.839100e-02 -7.713856e-02 -7.585084e-02
 -7.452784e-02 -7.316956e-02 -7.177600e-02 -7.034716e-02 -6.888304e-02
 -6.738364e-02 -6.584896e-02 -6.427900e-02 -6.267376e-02 -6.103324e-02
 -5.936000e-02 -5.768000e-02 -5.600000e-02 -5.432000e-02 -5.264000e-02
 -5.096000e-02 -4.928000e-02 -4.760000e-02 -4.592000e-02 -4.424000e-02
 -4.256000e-02 -4.088000e-02 -3.920400e-02 -3.755844e-02 -3.594816e-02
 -3.437316e-02 -3.283344e-02 -3.132900e-02 -2.985984e-02 -2.842596e-02
 -2.702736e-02 -2.566404e-02 -2.433600e-02 -2.304324e-02 -2.178576e-02
 -2.056356e-02 -1.937664e-02 -1.822500e-02 -1.710864e-02 -1.602756e-02
 -1.498176e-02 -1.397124e-02 -1.299600e-02 -1.205604e-02 -1.115136e-02
 -1.028196e-02 -9.447840e-03 -8.649000e-03 -7.885440e-03 -7.157160e-03
 -6.464160e-03 -5.806440e-03 -5.184000e-03 -4.596840e-03 -4.044960e-03
 -3.528360e-03 -3.047040e-03 -2.601000e-03 -2.190240e-03 -1.814760e-03
 -1.474560e-03 -1.169640e-03 -9.000000e-04 -6.656400e-04 -4.665600e-04
 -3.027600e-04 -1.742400e-04 -8.100000e-05 -2.304000e-05]
