[[0.   ]
 [0.   ]
 [0.014]
 [0.028]
 [0.042]
 [0.056]
 [0.07 ]
 [0.084]
 [0.098]
 [0.112]
 [0.126]
 [0.14 ]
 [0.154]
 [0.168]
 [0.182]
 [0.196]
 [0.21 ]
 [0.224]
 [0.238]
 [0.252]
 [0.266]
 [0.28 ]
 [0.294]
 [0.308]
 [0.322]
 [0.336]
 [0.35 ]
 [0.364]
 [0.378]
 [0.392]
 [0.406]
 [0.42 ]
 [0.434]
 [0.448]
 [0.462]
 [0.476]
 [0.49 ]
 [0.504]
 [0.518]
 [0.532]
 [0.546]
 [0.56 ]
 [0.574]
 [0.588]
 [0.602]
 [0.616]
 [0.63 ]
 [0.644]
 [0.658]
 [0.672]
 [0.686]
 [0.7  ]
 [0.714]
 [0.728]
 [0.742]
 [0.756]
 [0.77 ]
 [0.784]
 [0.798]
 [0.812]
 [0.826]
 [0.84 ]
 [0.854]
 [0.868]
 [0.882]
 [0.896]
 [0.91 ]
 [0.924]
 [0.938]
 [0.952]
 [0.966]
 [0.98 ]
 [0.994]
 [1.008]
 [1.022]
 [1.036]
 [1.05 ]
 [1.064]
 [1.078]
 [1.092]
 [1.106]
 [1.12 ]
 [1.134]
 [1.148]
 [1.162]
 [1.176]
 [1.19 ]
 [1.204]
 [1.218]
 [1.232]
 [1.246]
 [1.26 ]
 [1.274]
 [1.288]
 [1.302]
 [1.316]
 [1.33 ]
 [1.344]
 [1.358]
 [1.372]
 [1.386]
 [1.4  ]
 [1.414]
 [1.428]
 [1.442]
 [1.456]
 [1.47 ]
 [1.484]
 [1.498]
 [1.512]
 [1.526]
 [1.54 ]
 [1.554]
 [1.568]
 [1.582]
 [1.596]
 [1.61 ]
 [1.624]
 [1.638]
 [1.652]
 [1.666]
 [1.68 ]
 [1.694]
 [1.708]
 [1.722]
 [1.736]
 [1.75 ]
 [1.764]
 [1.778]
 [1.792]
 [1.806]
 [1.82 ]
 [1.834]
 [1.848]
 [1.862]
 [1.876]
 [1.89 ]
 [1.904]
 [1.918]
 [1.932]
 [1.946]
 [1.96 ]
 [1.974]
 [1.988]
 [2.002]
 [2.016]
 [2.03 ]
 [2.044]
 [2.058]
 [2.072]
 [2.086]
 [2.1  ]
 [2.114]
 [2.128]
 [2.142]
 [2.156]
 [2.17 ]
 [2.184]
 [2.198]
 [2.212]
 [2.226]
 [2.24 ]
 [2.254]
 [2.268]
 [2.282]
 [2.296]
 [2.31 ]
 [2.324]
 [2.338]
 [2.352]
 [2.366]
 [2.38 ]
 [2.394]
 [2.408]
 [2.422]
 [2.436]
 [2.45 ]
 [2.464]
 [2.478]
 [2.492]
 [2.506]
 [2.52 ]
 [2.534]
 [2.548]
 [2.562]
 [2.576]
 [2.59 ]
 [2.604]
 [2.618]
 [2.632]
 [2.646]
 [2.66 ]
 [2.674]
 [2.688]
 [2.702]
 [2.716]
 [2.73 ]
 [2.744]
 [2.758]
 [2.772]
 [2.786]
 [2.8  ]
 [2.814]
 [2.828]
 [2.842]
 [2.856]
 [2.87 ]
 [2.884]
 [2.898]
 [2.912]
 [2.926]
 [2.94 ]
 [2.954]
 [2.968]
 [2.982]
 [2.996]
 [3.01 ]
 [3.024]
 [3.038]
 [3.052]
 [3.066]
 [3.08 ]
 [3.094]
 [3.108]
 [3.122]
 [3.136]
 [3.15 ]
 [3.164]
 [3.178]
 [3.192]
 [3.206]
 [3.22 ]
 [3.234]
 [3.248]
 [3.262]
 [3.276]
 [3.29 ]
 [3.304]
 [3.318]
 [3.332]
 [3.346]
 [3.36 ]
 [3.374]
 [3.388]
 [3.402]
 [3.416]
 [3.43 ]
 [3.444]
 [3.458]
 [3.472]
 [3.486]
 [3.5  ]
 [3.514]
 [3.528]
 [3.542]
 [3.556]
 [3.57 ]
 [3.584]
 [3.598]
 [3.612]
 [3.626]
 [3.64 ]
 [3.654]
 [3.668]
 [3.682]
 [3.696]
 [3.71 ]
 [3.724]
 [3.738]
 [3.752]
 [3.766]
 [3.78 ]
 [3.794]
 [3.808]
 [3.822]
 [3.836]
 [3.85 ]
 [3.864]
 [3.878]
 [3.892]
 [3.906]
 [3.92 ]
 [3.934]
 [3.948]
 [3.962]
 [3.976]
 [3.99 ]
 [4.004]
 [4.018]
 [4.032]
 [4.046]
 [4.06 ]
 [4.074]
 [4.088]
 [4.102]
 [4.116]
 [4.13 ]
 [4.144]
 [4.158]
 [4.172]
 [4.186]
 [4.2  ]
 [4.214]
 [4.228]
 [4.242]
 [4.256]
 [4.27 ]
 [4.284]
 [4.298]
 [4.312]
 [4.326]
 [4.34 ]
 [4.354]
 [4.368]
 [4.382]
 [4.396]
 [4.41 ]
 [4.424]
 [4.438]
 [4.452]
 [4.466]
 [4.48 ]
 [4.494]
 [4.508]
 [4.522]
 [4.536]
 [4.55 ]
 [4.564]
 [4.578]
 [4.592]
 [4.606]
 [4.62 ]
 [4.634]
 [4.648]
 [4.662]
 [4.676]
 [4.69 ]
 [4.704]
 [4.718]
 [4.732]
 [4.746]
 [4.76 ]
 [4.774]
 [4.788]
 [4.802]
 [4.816]
 [4.83 ]
 [4.844]
 [4.858]
 [4.872]
 [4.886]
 [4.9  ]
 [4.914]
 [4.928]
 [4.942]
 [4.956]
 [4.97 ]
 [4.984]
 [4.998]
 [5.012]
 [5.026]
 [5.04 ]
 [5.054]
 [5.068]
 [5.082]
 [5.096]
 [5.11 ]
 [5.124]
 [5.138]
 [5.152]
 [5.166]
 [5.18 ]
 [5.194]
 [5.208]
 [5.222]
 [5.236]
 [5.25 ]
 [5.264]
 [5.278]
 [5.292]
 [5.306]
 [5.32 ]
 [5.334]
 [5.348]
 [5.362]
 [5.376]
 [5.39 ]
 [5.404]
 [5.418]
 [5.432]
 [5.446]
 [5.46 ]
 [5.474]
 [5.488]
 [5.502]
 [5.516]
 [5.53 ]
 [5.544]
 [5.558]
 [5.572]
 [5.586]
 [5.6  ]
 [5.614]
 [5.628]
 [5.642]
 [5.656]
 [5.67 ]
 [5.684]
 [5.698]
 [5.712]
 [5.726]
 [5.74 ]
 [5.754]
 [5.768]
 [5.782]
 [5.796]
 [5.81 ]
 [5.824]
 [5.838]
 [5.852]
 [5.866]
 [5.88 ]
 [5.894]
 [5.908]
 [5.922]
 [5.936]
 [5.95 ]
 [5.964]
 [5.978]
 [5.992]
 [6.006]
 [6.02 ]
 [6.034]
 [6.048]
 [6.062]
 [6.076]
 [6.09 ]
 [6.104]
 [6.118]
 [6.132]
 [6.146]
 [6.16 ]
 [6.174]
 [6.188]
 [6.202]
 [6.216]
 [6.23 ]
 [6.244]
 [6.258]
 [6.272]
 [6.286]
 [6.3  ]
 [6.314]
 [6.328]
 [6.342]
 [6.356]
 [6.37 ]
 [6.384]
 [6.398]
 [6.412]
 [6.426]
 [6.44 ]
 [6.454]
 [6.468]
 [6.482]
 [6.496]
 [6.51 ]
 [6.524]
 [6.538]
 [6.552]
 [6.566]
 [6.58 ]
 [6.594]
 [6.608]
 [6.622]
 [6.636]
 [6.65 ]
 [6.664]
 [6.678]
 [6.692]
 [6.706]
 [6.72 ]
 [6.734]
 [6.748]
 [6.762]
 [6.776]
 [6.79 ]
 [6.804]
 [6.818]
 [6.832]
 [6.846]
 [6.86 ]
 [6.874]
 [6.888]
 [6.902]
 [6.916]
 [6.93 ]
 [6.944]
 [6.958]
 [6.972]
 [6.986]
 [7.   ]
 [7.014]
 [7.028]
 [7.042]
 [7.056]
 [7.07 ]
 [7.084]
 [7.098]
 [7.112]
 [7.126]
 [7.14 ]
 [7.154]
 [7.168]
 [7.182]
 [7.196]
 [7.21 ]
 [7.224]
 [7.238]
 [7.252]
 [7.266]
 [7.28 ]
 [7.294]
 [7.308]
 [7.322]
 [7.336]
 [7.35 ]
 [7.364]
 [7.378]
 [7.392]
 [7.406]
 [7.42 ]
 [7.434]
 [7.448]
 [7.462]
 [7.476]
 [7.49 ]
 [7.504]
 [7.518]
 [7.532]
 [7.546]
 [7.56 ]
 [7.574]
 [7.588]
 [7.602]
 [7.616]
 [7.63 ]
 [7.644]
 [7.658]
 [7.672]
 [7.686]
 [7.7  ]
 [7.714]
 [7.728]
 [7.742]
 [7.756]
 [7.77 ]
 [7.784]
 [7.798]
 [7.812]
 [7.826]
 [7.84 ]
 [7.854]
 [7.868]
 [7.882]
 [7.896]
 [7.91 ]
 [7.924]
 [7.938]
 [7.952]
 [7.966]
 [7.98 ]
 [7.994]
 [8.008]
 [8.022]
 [8.036]
 [8.05 ]
 [8.064]
 [8.078]
 [8.092]
 [8.106]
 [8.12 ]
 [8.134]
 [8.148]
 [8.162]
 [8.176]
 [8.19 ]
 [8.204]
 [8.218]
 [8.232]
 [8.246]
 [8.26 ]
 [8.274]
 [8.288]
 [8.302]
 [8.316]
 [8.33 ]
 [8.344]
 [8.358]
 [8.372]
 [8.386]
 [8.4  ]
 [8.414]
 [8.428]
 [8.442]
 [8.456]
 [8.47 ]
 [8.484]
 [8.498]
 [8.512]
 [8.526]
 [8.54 ]
 [8.554]
 [8.568]
 [8.582]
 [8.596]
 [8.61 ]
 [8.624]
 [8.638]
 [8.652]
 [8.666]
 [8.68 ]
 [8.694]
 [8.708]
 [8.722]
 [8.736]
 [8.75 ]
 [8.764]
 [8.778]
 [8.792]
 [8.806]
 [8.82 ]
 [8.834]
 [8.848]
 [8.862]
 [8.876]
 [8.89 ]
 [8.904]
 [8.918]
 [8.932]
 [8.946]
 [8.96 ]
 [8.974]
 [8.988]]
