[0.000e+00 0.000e+00 7.000e-06 1.400e-05 2.100e-05 2.800e-05 3.500e-05
 4.200e-05 4.900e-05 5.600e-05 6.300e-05 7.000e-05 7.700e-05 8.400e-05
 9.100e-05 9.800e-05 1.050e-04 1.120e-04 1.190e-04 1.260e-04 1.330e-04
 1.400e-04 1.470e-04 1.540e-04 1.610e-04 1.680e-04 1.750e-04 1.820e-04
 1.890e-04 1.960e-04 2.030e-04 2.100e-04 2.170e-04 2.240e-04 2.310e-04
 2.380e-04 2.450e-04 2.520e-04 2.590e-04 2.660e-04 2.730e-04 2.800e-04
 2.870e-04 2.940e-04 3.010e-04 3.080e-04 3.150e-04 3.220e-04 3.290e-04
 3.360e-04 3.430e-04 3.500e-04 3.570e-04 3.640e-04 3.710e-04 3.780e-04
 3.850e-04 3.920e-04 3.990e-04 4.060e-04 4.130e-04 4.200e-04 4.270e-04
 4.340e-04 4.410e-04 4.480e-04 4.550e-04 4.620e-04 4.690e-04 4.760e-04
 4.830e-04 4.900e-04 4.970e-04 5.040e-04 5.110e-04 5.180e-04 5.250e-04
 5.320e-04 5.390e-04 5.460e-04 5.530e-04 5.600e-04 5.670e-04 5.740e-04
 5.810e-04 5.880e-04 5.950e-04 6.020e-04 6.090e-04 6.160e-04 6.230e-04
 6.300e-04 6.370e-04 6.440e-04 6.510e-04 6.580e-04 6.650e-04 6.720e-04
 6.790e-04 6.860e-04 6.930e-04 7.000e-04 7.070e-04 7.140e-04 7.210e-04
 7.280e-04 7.350e-04 7.420e-04 7.490e-04 7.560e-04 7.630e-04 7.700e-04
 7.770e-04 7.840e-04 7.910e-04 7.980e-04 8.050e-04 8.120e-04 8.190e-04
 8.260e-04 8.330e-04 8.400e-04 8.470e-04 8.540e-04 8.610e-04 8.680e-04
 8.750e-04 8.820e-04 8.890e-04 8.960e-04 9.030e-04 9.100e-04 9.170e-04
 9.240e-04 9.310e-04 9.380e-04 9.450e-04 9.520e-04 9.590e-04 9.660e-04
 9.730e-04 9.800e-04 9.870e-04 9.940e-04 1.001e-03 1.008e-03 1.015e-03
 1.022e-03 1.029e-03 1.036e-03 1.043e-03 1.050e-03 1.057e-03 1.064e-03
 1.071e-03 1.078e-03 1.085e-03 1.092e-03 1.099e-03 1.106e-03 1.113e-03
 1.120e-03 1.127e-03 1.134e-03 1.141e-03 1.148e-03 1.155e-03 1.162e-03
 1.169e-03 1.176e-03 1.183e-03 1.190e-03 1.197e-03 1.204e-03 1.211e-03
 1.218e-03 1.225e-03 1.232e-03 1.239e-03 1.246e-03 1.253e-03 1.260e-03
 1.267e-03 1.274e-03 1.281e-03 1.288e-03 1.295e-03 1.302e-03 1.309e-03
 1.316e-03 1.323e-03 1.330e-03 1.337e-03 1.344e-03 1.351e-03 1.358e-03
 1.365e-03 1.372e-03 1.379e-03 1.386e-03 1.393e-03 1.400e-03 1.407e-03
 1.414e-03 1.421e-03 1.428e-03 1.435e-03 1.442e-03 1.449e-03 1.456e-03
 1.463e-03 1.470e-03 1.477e-03 1.484e-03 1.491e-03 1.498e-03 1.505e-03
 1.512e-03 1.519e-03 1.526e-03 1.533e-03 1.540e-03 1.547e-03 1.554e-03
 1.561e-03 1.568e-03 1.575e-03 1.582e-03 1.589e-03 1.596e-03 1.603e-03
 1.610e-03 1.617e-03 1.624e-03 1.631e-03 1.638e-03 1.645e-03 1.652e-03
 1.659e-03 1.666e-03 1.673e-03 1.680e-03 1.687e-03 1.694e-03 1.701e-03
 1.708e-03 1.715e-03 1.722e-03 1.729e-03 1.736e-03 1.743e-03 1.750e-03
 1.757e-03 1.764e-03 1.771e-03 1.778e-03 1.785e-03 1.792e-03 1.799e-03
 1.806e-03 1.813e-03 1.820e-03 1.827e-03 1.834e-03 1.841e-03 1.848e-03
 1.855e-03 1.862e-03 1.869e-03 1.876e-03 1.883e-03 1.890e-03 1.897e-03
 1.904e-03 1.911e-03 1.918e-03 1.925e-03 1.932e-03 1.939e-03 1.946e-03
 1.953e-03 1.960e-03 1.967e-03 1.974e-03 1.981e-03 1.988e-03 1.995e-03
 2.000e-03 2.000e-03 2.000e-03 2.000e-03 2.000e-03 2.000e-03 2.000e-03
 2.000e-03 2.000e-03 2.000e-03 2.000e-03 2.000e-03 2.000e-03 2.000e-03
 2.000e-03 2.000e-03 2.000e-03 2.000e-03 2.000e-03 2.000e-03 2.000e-03
 2.000e-03 2.000e-03 2.000e-03 2.000e-03 2.000e-03 2.000e-03 2.000e-03
 2.000e-03 2.000e-03 2.000e-03 2.000e-03 2.000e-03 2.000e-03 2.000e-03
 2.000e-03 2.000e-03 2.000e-03 2.000e-03 2.000e-03 2.000e-03 2.000e-03
 2.000e-03 2.000e-03 2.000e-03 2.000e-03 2.000e-03 2.000e-03 2.000e-03
 2.000e-03 2.000e-03 2.000e-03 2.000e-03 2.000e-03 2.000e-03 2.000e-03
 2.000e-03 2.000e-03 2.000e-03 2.000e-03 2.000e-03 2.000e-03 2.000e-03
 2.000e-03 2.000e-03 2.000e-03 2.000e-03 2.000e-03 2.000e-03 2.000e-03
 2.000e-03 2.000e-03 1.994e-03 1.987e-03 1.980e-03 1.973e-03 1.966e-03
 1.959e-03 1.952e-03 1.945e-03 1.938e-03 1.931e-03 1.924e-03 1.917e-03
 1.910e-03 1.903e-03 1.896e-03 1.889e-03 1.882e-03 1.875e-03 1.868e-03
 1.861e-03 1.854e-03 1.847e-03 1.840e-03 1.833e-03 1.826e-03 1.819e-03
 1.812e-03 1.805e-03 1.798e-03 1.791e-03 1.784e-03 1.777e-03 1.770e-03
 1.763e-03 1.756e-03 1.749e-03 1.742e-03 1.735e-03 1.728e-03 1.721e-03
 1.714e-03 1.707e-03 1.700e-03 1.693e-03 1.686e-03 1.679e-03 1.672e-03
 1.665e-03 1.658e-03 1.651e-03 1.644e-03 1.637e-03 1.630e-03 1.623e-03
 1.616e-03 1.609e-03 1.602e-03 1.595e-03 1.588e-03 1.581e-03 1.574e-03
 1.567e-03 1.560e-03 1.553e-03 1.546e-03 1.539e-03 1.532e-03 1.525e-03
 1.518e-03 1.511e-03 1.504e-03 1.497e-03 1.490e-03 1.483e-03 1.476e-03
 1.469e-03 1.462e-03 1.455e-03 1.448e-03 1.441e-03 1.434e-03 1.427e-03
 1.420e-03 1.413e-03 1.406e-03 1.399e-03 1.392e-03 1.385e-03 1.378e-03
 1.371e-03 1.364e-03 1.357e-03 1.350e-03 1.343e-03 1.336e-03 1.329e-03
 1.322e-03 1.315e-03 1.308e-03 1.301e-03 1.294e-03 1.287e-03 1.280e-03
 1.273e-03 1.266e-03 1.259e-03 1.252e-03 1.245e-03 1.238e-03 1.231e-03
 1.224e-03 1.217e-03 1.210e-03 1.203e-03 1.196e-03 1.189e-03 1.182e-03
 1.175e-03 1.168e-03 1.161e-03 1.154e-03 1.147e-03 1.140e-03 1.133e-03
 1.126e-03 1.119e-03 1.112e-03 1.105e-03 1.098e-03 1.091e-03 1.084e-03
 1.077e-03 1.070e-03 1.063e-03 1.056e-03 1.049e-03 1.042e-03 1.035e-03
 1.028e-03 1.021e-03 1.014e-03 1.007e-03 1.000e-03 9.930e-04 9.860e-04
 9.790e-04 9.720e-04 9.650e-04 9.580e-04 9.510e-04 9.440e-04 9.370e-04
 9.300e-04 9.230e-04 9.160e-04 9.090e-04 9.020e-04 8.950e-04 8.880e-04
 8.810e-04 8.740e-04 8.670e-04 8.600e-04 8.530e-04 8.460e-04 8.390e-04
 8.320e-04 8.250e-04 8.180e-04 8.110e-04 8.040e-04 7.970e-04 7.900e-04
 7.830e-04 7.760e-04 7.690e-04 7.620e-04 7.550e-04 7.480e-04 7.410e-04
 7.340e-04 7.270e-04 7.200e-04 7.130e-04 7.060e-04 6.990e-04 6.920e-04
 6.850e-04 6.780e-04 6.710e-04 6.640e-04 6.570e-04 6.500e-04 6.430e-04
 6.360e-04 6.290e-04 6.220e-04 6.150e-04 6.080e-04 6.010e-04 5.940e-04
 5.870e-04 5.800e-04 5.730e-04 5.660e-04 5.590e-04 5.520e-04 5.450e-04
 5.380e-04 5.310e-04 5.240e-04 5.170e-04 5.100e-04 5.030e-04 4.960e-04
 4.890e-04 4.820e-04 4.750e-04 4.680e-04 4.610e-04 4.540e-04 4.470e-04
 4.400e-04 4.330e-04 4.260e-04 4.190e-04 4.120e-04 4.050e-04 3.980e-04
 3.910e-04 3.840e-04 3.770e-04 3.700e-04 3.630e-04 3.560e-04 3.490e-04
 3.420e-04 3.350e-04 3.280e-04 3.210e-04 3.140e-04 3.070e-04 3.000e-04
 2.930e-04 2.860e-04 2.790e-04 2.720e-04 2.650e-04 2.580e-04 2.510e-04
 2.440e-04 2.370e-04 2.300e-04 2.230e-04 2.160e-04 2.090e-04 2.020e-04
 1.950e-04 1.880e-04 1.810e-04 1.740e-04 1.670e-04 1.600e-04 1.530e-04
 1.460e-04 1.390e-04 1.320e-04 1.250e-04 1.180e-04 1.110e-04 1.040e-04
 9.700e-05 9.000e-05 8.300e-05 7.600e-05 6.900e-05 6.200e-05 5.500e-05
 4.800e-05 4.100e-05 3.400e-05 2.700e-05 2.000e-05 1.300e-05 6.000e-06]
