[0.000000e+00 0.000000e+00 4.900000e-08 1.960000e-07 4.410000e-07
 7.840000e-07 1.225000e-06 1.764000e-06 2.401000e-06 3.136000e-06
 3.969000e-06 4.900000e-06 5.929000e-06 7.056000e-06 8.281000e-06
 9.604000e-06 1.102500e-05 1.254400e-05 1.416100e-05 1.587600e-05
 1.768900e-05 1.960000e-05 2.160900e-05 2.371600e-05 2.592100e-05
 2.822400e-05 3.062500e-05 3.312400e-05 3.572100e-05 3.841600e-05
 4.120900e-05 4.410000e-05 4.708900e-05 5.017600e-05 5.336100e-05
 5.664400e-05 6.002500e-05 6.350400e-05 6.708100e-05 7.075600e-05
 7.452900e-05 7.840000e-05 8.236900e-05 8.643600e-05 9.060100e-05
 9.486400e-05 9.922500e-05 1.036840e-04 1.082410e-04 1.128960e-04
 1.176490e-04 1.225000e-04 1.274490e-04 1.324960e-04 1.376410e-04
 1.428840e-04 1.482250e-04 1.536640e-04 1.592010e-04 1.648360e-04
 1.705690e-04 1.764000e-04 1.823290e-04 1.883560e-04 1.944810e-04
 2.007040e-04 2.070250e-04 2.134440e-04 2.199610e-04 2.265760e-04
 2.332890e-04 2.401000e-04 2.470090e-04 2.540160e-04 2.611210e-04
 2.683240e-04 2.756250e-04 2.830240e-04 2.905210e-04 2.981160e-04
 3.058090e-04 3.136000e-04 3.214890e-04 3.294760e-04 3.375610e-04
 3.457440e-04 3.540250e-04 3.624040e-04 3.708810e-04 3.794560e-04
 3.881290e-04 3.969000e-04 4.057690e-04 4.147360e-04 4.238010e-04
 4.329640e-04 4.422250e-04 4.515840e-04 4.610410e-04 4.705960e-04
 4.802490e-04 4.900000e-04 4.998490e-04 5.097960e-04 5.198410e-04
 5.299840e-04 5.402250e-04 5.505640e-04 5.610010e-04 5.715360e-04
 5.821690e-04 5.929000e-04 6.037290e-04 6.146560e-04 6.256810e-04
 6.368040e-04 6.480250e-04 6.593440e-04 6.707610e-04 6.822760e-04
 6.938890e-04 7.056000e-04 7.174090e-04 7.293160e-04 7.413210e-04
 7.534240e-04 7.656250e-04 7.779240e-04 7.903210e-04 8.028160e-04
 8.154090e-04 8.281000e-04 8.408890e-04 8.537760e-04 8.667610e-04
 8.798440e-04 8.930250e-04 9.063040e-04 9.196810e-04 9.331560e-04
 9.467290e-04 9.604000e-04 9.741690e-04 9.880360e-04 1.002001e-03
 1.016064e-03 1.030225e-03 1.044484e-03 1.058841e-03 1.073296e-03
 1.087849e-03 1.102500e-03 1.117249e-03 1.132096e-03 1.147041e-03
 1.162084e-03 1.177225e-03 1.192464e-03 1.207801e-03 1.223236e-03
 1.238769e-03 1.254400e-03 1.270129e-03 1.285956e-03 1.301881e-03
 1.317904e-03 1.334025e-03 1.350244e-03 1.366561e-03 1.382976e-03
 1.399489e-03 1.416100e-03 1.432809e-03 1.449616e-03 1.466521e-03
 1.483524e-03 1.500625e-03 1.517824e-03 1.535121e-03 1.552516e-03
 1.570009e-03 1.587600e-03 1.605289e-03 1.623076e-03 1.640961e-03
 1.658944e-03 1.677025e-03 1.695204e-03 1.713481e-03 1.731856e-03
 1.750329e-03 1.768900e-03 1.787569e-03 1.806336e-03 1.825201e-03
 1.844164e-03 1.863225e-03 1.882384e-03 1.901641e-03 1.920996e-03
 1.940449e-03 1.960000e-03 1.979649e-03 1.999396e-03 2.019241e-03
 2.039184e-03 2.059225e-03 2.079364e-03 2.099601e-03 2.119936e-03
 2.140369e-03 2.160900e-03 2.181529e-03 2.202256e-03 2.223081e-03
 2.244004e-03 2.265025e-03 2.286144e-03 2.307361e-03 2.328676e-03
 2.350089e-03 2.371600e-03 2.393209e-03 2.414916e-03 2.436721e-03
 2.458624e-03 2.480625e-03 2.502724e-03 2.524921e-03 2.547216e-03
 2.569609e-03 2.592100e-03 2.614689e-03 2.637376e-03 2.660161e-03
 2.683044e-03 2.706025e-03 2.729104e-03 2.752281e-03 2.775556e-03
 2.798929e-03 2.822400e-03 2.845969e-03 2.869636e-03 2.893401e-03
 2.917264e-03 2.941225e-03 2.965284e-03 2.989441e-03 3.013696e-03
 3.038049e-03 3.062500e-03 3.087049e-03 3.111696e-03 3.136441e-03
 3.161284e-03 3.186225e-03 3.211264e-03 3.236401e-03 3.261636e-03
 3.286969e-03 3.312400e-03 3.337929e-03 3.363556e-03 3.389281e-03
 3.415104e-03 3.441025e-03 3.467044e-03 3.493161e-03 3.519376e-03
 3.545689e-03 3.572100e-03 3.598609e-03 3.625216e-03 3.651921e-03
 3.678724e-03 3.705625e-03 3.732624e-03 3.759721e-03 3.786916e-03
 3.814209e-03 3.841600e-03 3.869089e-03 3.896676e-03 3.924361e-03
 3.952144e-03 3.980025e-03 4.008000e-03 4.036000e-03 4.064000e-03
 4.092000e-03 4.120000e-03 4.148000e-03 4.176000e-03 4.204000e-03
 4.232000e-03 4.260000e-03 4.288000e-03 4.316000e-03 4.344000e-03
 4.372000e-03 4.400000e-03 4.428000e-03 4.456000e-03 4.484000e-03
 4.512000e-03 4.540000e-03 4.568000e-03 4.596000e-03 4.624000e-03
 4.652000e-03 4.680000e-03 4.708000e-03 4.736000e-03 4.764000e-03
 4.792000e-03 4.820000e-03 4.848000e-03 4.876000e-03 4.904000e-03
 4.932000e-03 4.960000e-03 4.988000e-03 5.016000e-03 5.044000e-03
 5.072000e-03 5.100000e-03 5.128000e-03 5.156000e-03 5.184000e-03
 5.212000e-03 5.240000e-03 5.268000e-03 5.296000e-03 5.324000e-03
 5.352000e-03 5.380000e-03 5.408000e-03 5.436000e-03 5.464000e-03
 5.492000e-03 5.520000e-03 5.548000e-03 5.576000e-03 5.604000e-03
 5.632000e-03 5.660000e-03 5.688000e-03 5.716000e-03 5.744000e-03
 5.772000e-03 5.800000e-03 5.828000e-03 5.856000e-03 5.884000e-03
 5.912000e-03 5.940000e-03 5.968000e-03 5.996000e-03 6.023964e-03
 6.051831e-03 6.079600e-03 6.107271e-03 6.134844e-03 6.162319e-03
 6.189696e-03 6.216975e-03 6.244156e-03 6.271239e-03 6.298224e-03
 6.325111e-03 6.351900e-03 6.378591e-03 6.405184e-03 6.431679e-03
 6.458076e-03 6.484375e-03 6.510576e-03 6.536679e-03 6.562684e-03
 6.588591e-03 6.614400e-03 6.640111e-03 6.665724e-03 6.691239e-03
 6.716656e-03 6.741975e-03 6.767196e-03 6.792319e-03 6.817344e-03
 6.842271e-03 6.867100e-03 6.891831e-03 6.916464e-03 6.940999e-03
 6.965436e-03 6.989775e-03 7.014016e-03 7.038159e-03 7.062204e-03
 7.086151e-03 7.110000e-03 7.133751e-03 7.157404e-03 7.180959e-03
 7.204416e-03 7.227775e-03 7.251036e-03 7.274199e-03 7.297264e-03
 7.320231e-03 7.343100e-03 7.365871e-03 7.388544e-03 7.411119e-03
 7.433596e-03 7.455975e-03 7.478256e-03 7.500439e-03 7.522524e-03
 7.544511e-03 7.566400e-03 7.588191e-03 7.609884e-03 7.631479e-03
 7.652976e-03 7.674375e-03 7.695676e-03 7.716879e-03 7.737984e-03
 7.758991e-03 7.779900e-03 7.800711e-03 7.821424e-03 7.842039e-03
 7.862556e-03 7.882975e-03 7.903296e-03 7.923519e-03 7.943644e-03
 7.963671e-03 7.983600e-03 8.003431e-03 8.023164e-03 8.042799e-03
 8.062336e-03 8.081775e-03 8.101116e-03 8.120359e-03 8.139504e-03
 8.158551e-03 8.177500e-03 8.196351e-03 8.215104e-03 8.233759e-03
 8.252316e-03 8.270775e-03 8.289136e-03 8.307399e-03 8.325564e-03
 8.343631e-03 8.361600e-03 8.379471e-03 8.397244e-03 8.414919e-03
 8.432496e-03 8.449975e-03 8.467356e-03 8.484639e-03 8.501824e-03
 8.518911e-03 8.535900e-03 8.552791e-03 8.569584e-03 8.586279e-03
 8.602876e-03 8.619375e-03 8.635776e-03 8.652079e-03 8.668284e-03
 8.684391e-03 8.700400e-03 8.716311e-03 8.732124e-03 8.747839e-03
 8.763456e-03 8.778975e-03 8.794396e-03 8.809719e-03 8.824944e-03
 8.840071e-03 8.855100e-03 8.870031e-03 8.884864e-03 8.899599e-03
 8.914236e-03 8.928775e-03 8.943216e-03 8.957559e-03 8.971804e-03
 8.985951e-03 9.000000e-03 9.013951e-03 9.027804e-03 9.041559e-03
 9.055216e-03 9.068775e-03 9.082236e-03 9.095599e-03 9.108864e-03
 9.122031e-03 9.135100e-03 9.148071e-03 9.160944e-03 9.173719e-03
 9.186396e-03 9.198975e-03 9.211456e-03 9.223839e-03 9.236124e-03
 9.248311e-03 9.260400e-03 9.272391e-03 9.284284e-03 9.296079e-03
 9.307776e-03 9.319375e-03 9.330876e-03 9.342279e-03 9.353584e-03
 9.364791e-03 9.375900e-03 9.386911e-03 9.397824e-03 9.408639e-03
 9.419356e-03 9.429975e-03 9.440496e-03 9.450919e-03 9.461244e-03
 9.471471e-03 9.481600e-03 9.491631e-03 9.501564e-03 9.511399e-03
 9.521136e-03 9.530775e-03 9.540316e-03 9.549759e-03 9.559104e-03
 9.568351e-03 9.577500e-03 9.586551e-03 9.595504e-03 9.604359e-03
 9.613116e-03 9.621775e-03 9.630336e-03 9.638799e-03 9.647164e-03
 9.655431e-03 9.663600e-03 9.671671e-03 9.679644e-03 9.687519e-03
 9.695296e-03 9.702975e-03 9.710556e-03 9.718039e-03 9.725424e-03
 9.732711e-03 9.739900e-03 9.746991e-03 9.753984e-03 9.760879e-03
 9.767676e-03 9.774375e-03 9.780976e-03 9.787479e-03 9.793884e-03
 9.800191e-03 9.806400e-03 9.812511e-03 9.818524e-03 9.824439e-03
 9.830256e-03 9.835975e-03 9.841596e-03 9.847119e-03 9.852544e-03
 9.857871e-03 9.863100e-03 9.868231e-03 9.873264e-03 9.878199e-03
 9.883036e-03 9.887775e-03 9.892416e-03 9.896959e-03 9.901404e-03
 9.905751e-03 9.910000e-03 9.914151e-03 9.918204e-03 9.922159e-03
 9.926016e-03 9.929775e-03 9.933436e-03 9.936999e-03 9.940464e-03
 9.943831e-03 9.947100e-03 9.950271e-03 9.953344e-03 9.956319e-03
 9.959196e-03 9.961975e-03 9.964656e-03 9.967239e-03 9.969724e-03
 9.972111e-03 9.974400e-03 9.976591e-03 9.978684e-03 9.980679e-03
 9.982576e-03 9.984375e-03 9.986076e-03 9.987679e-03 9.989184e-03
 9.990591e-03 9.991900e-03 9.993111e-03 9.994224e-03 9.995239e-03
 9.996156e-03 9.996975e-03 9.997696e-03 9.998319e-03 9.998844e-03
 9.999271e-03 9.999600e-03 9.999831e-03 9.999964e-03]
